-0.17171
0.83714779
-0.021101307
0.83877587
-0.71532136
-0.66916568
-1.1130403
-0.89157847
-0.84954465
-0.43753668
-0.42284914
-0.47835093
-0.3414628
-1.0163885
-0.4615372
-0.75539161
-0.68031723
-0.40646025
-0.4615372
-0.89157847
-0.75539161
-1.1130403
0.11962876
0.32223164
-0.39877659
0.10608366
0.081891381
0.55777643
-0.15934125
0.075226753
0.37899405
0.65929787
0.39225234
-0.53223284
-0.37666424
0.15500795
1.5809824
-0.53627891
0.041772551
0.67732346
0.51408317
0.11962876
0.37899405
-0.39877659
-0.77299639
-1.1680801
-0.96891603
-1.4393058
-1.2717379
-0.95971826
-1.308371
-1.2872398
-1.1003321
-1.3718092
-0.73185955
-0.68413876
-1.4470004
-1.8546508
-1.2424584
-1.3538774
-0.86264761
-0.91321563
-0.64393401
-1.3825733
-1.2687953
-1.0099489
-1.0783321
-1.3538774
-1.8546508
-1.2687953
-1.4932977
-1.111124
-0.97670646
-1.2036057
-1.0733429
-0.85193278
-1.0459284
-1.3878763
-1.4153707
-1.6548149
-1.2511435
-1.2329126
-1.412086
-0.97695164
-0.75229244
-1.5723254
-1.1465819
-1.7708239
-1.0222163
-1.1465819
-1.1236933
-1.012969
-0.92340134
-1.001006
-1.3928362
-0.9602293
-1.2691678
-1.0535698
-1.3493179
-1.4283271
-0.96860463
-1.2323344
-0.80421714
-1.2692373
-1.2208881
-0.9009632
-1.6297524
-1.6548149
-1.2981389
-1.4343335
-1.0732196
-1.2739137
-0.9515456
-0.95620368
-0.95620368
-1.3597495
-1.4129956
-1.1324646
-1.3669
-1.3669
-1.3486221
-0.93018639
-1.4343018
-1.438974
-1.1316977
-1.1842584
-1.1526501
-1.1420392
-1.5889795
-1.0936995
-1.4392299
-1.0463673
-1.0781597
-0.85872203
-1.0461156
-1.3889214
-1.1878331
-1.4219987
-0.9053384
-1.0855078
-1.1950198
-1.3531065
-1.0706254
-1.2203901
-1.4419775
-1.2593316
-1.0309043
-1.6702829
-0.81576627
-0.81576627
-1.4231035
-1.1220973
-1.2373677
-1.5063779
-1.1731437
-1.0926357
-0.95918045
-1.0984755
-1.4534591
-1.1004693
-1.5236792
-1.4167507
-0.97215986
-1.4323831
-0.96266429
-0.87562271
-1.3575955
-1.2329126
-0.91987146
-1.2496128
-1.2475279
-1.2664121
-1.5125014
-1.5044933
-1.3137634
-0.92551439
-1.0506676
-1.1876467
-1.0248057
-1.0846236
-1.0095266
-1.2664281
-1.0153545
-1.0684114
-1.5263104
-0.95768381
-0.92624876
-1.1131024
-1.2654452
-0.98961476
-1.0401871
-1.2776265
-1.0878595
-1.4783556
-1.7772104
-1.9222556
-1.9222556
-1.0244873
-1.4566403
-1.0322784
-1.5326976
-0.98147967
-1.1617796
-1.1237655
-1.5263104
-1.1217635
-1.3659929
-1.0039288
-0.75696356
-1.1607893
-1.051263
-1.1935356
-1.4172657
-0.96266429
-1.0055925
-1.660791
-1.4658154
-1.078771
-1.0863948
-1.502767
-1.3333189
-0.89467408
-1.1047736
-1.1979793
-1.1979793
-1.8406326
-1.4323831
-1.1535305
-1.4464118
-1.4712815
-1.2626543
-1.2238954
-1.4167507
-1.7772104
-1.0740547
-1.3705747
-1.2878102
-1.0944495
-1.00413
-1.2305185
-1.2706082
-1.2706082
-1.2706082
-0.92140698
-1.2706082
-1.2317898
-1.076014
-1.0241046
-1.2680418
-1.2055805
-1.2470115
-0.98170523
-1.3776703
-1.0721749
-1.3309706
-0.97473788
-1.2539601
-1.040515
-1.0713008
-1.0269498
-1.0771663
-1.3875292
-0.87662112
-1.2210744
-1.2210744
-0.94102009
-1.4601129
-1.268994
-1.4558856
-0.95560569
-1.3875292
-1.2329126
-0.95768381
-0.92140698
-0.92140698
-1.2654452
-1.1324646
-1.1950198
-1.1324646
-1.2238954
-0.95620368
-0.9009632
-1.1465819
-1.4153707
-1.3875292
-0.98961476
-0.85193278
-1.1324646
-1.2329126
-1.0740547
-1.9222556
-1.1420392
-1.2210744
-1.4283271
-1.111124
-1.4219987
-1.0461156
-0.9009632
-1.0309043
-1.1420392
-1.6702829
-1.0855078
-1.4323831
-1.076014
-1.076014
-0.75229244
-1.412086
-1.3669
-1.1420392
-1.2475279
-0.89467408
-1.5125014
-1.4712815
-1.1217635
-1.2036057
-1.0740547
-1.1420392
-0.95768381
-1.2036057
-1.0740547
-1.2036057
-1.2654452
-1.4323831
-0.91987146
-0.47124003
-0.12966953
0.57750232
-0.096552873
-0.64593101
-0.82524079
-0.64593101
-0.82559166
-0.89569966
-0.93544212
-0.89327308
-0.77625771
-0.91117785
-0.94740615
-0.94557047
-0.70786638
-0.92866775
-1.0163367
-1.0163367
-0.8752843
-1.1368864
-1.290869
-0.90469081
-0.90469081
-0.92596639
-1.27252
-1.0557608
-1.3144302
-1.0471194
-1.310922
-0.76725819
-1.1212715
-1.1212715
-0.91827354
-0.83184026
-0.83184026
-0.93541763
-0.93541763
-0.61026889
-1.3663985
-0.92178847
-0.88625322
-0.80309844
-0.79136061
-1.2095761
-0.79397524
-0.79422966
-0.86951536
-0.64464668
-1.3691207
-1.3204605
-1.0580088
-0.64872113
-1.9054326
-0.73921025
-0.64872113
-1.0163367
-0.64872113
-1.2151343
-0.77378288
-0.83396807
-0.92709889
-0.52328733
-0.72029678
-0.72029678
-0.72029678
-1.029173
-0.79334029
-0.70266436
-0.70266436
-0.71564614
-0.8528272
-0.56613209
-0.95330807
-0.95330807
-0.800956
-0.99302175
-1.2152002
-1.2152002
-0.76179577
-0.75238059
-0.67346671
-1.1927766
-0.74933318
-0.58205953
-0.65808684
-1.1813106
-0.9391574
-1.0066036
-1.0857825
-0.7228787
-1.1286428
-0.84843765
-0.86420454
-1.1102203
-0.8498625
-0.86420454
-0.86420454
-1.0746914
-0.72354666
-1.2119731
-0.87958872
-0.70443784
-0.49534634
-0.63133833
-0.85072401
-1.2578707
-0.6427275
-0.55201038
-1.0199261
-0.89495739
-0.86833644
-1.0472122
-0.88080956
-1.0293467
-1.0293467
-0.78090622
-0.70875957
-0.92714397
-0.83348165
-0.86299523
-0.90095499
-0.78935388
-0.53493642
-0.7891662
-0.93994109
-1.0296396
-1.0296396
-0.79795466
-0.81105529
-0.86092828
-1.0809781
-0.82313987
-0.77055808
-0.75860488
-1.2658506
-0.82037511
-0.60457774
-0.50751671
-0.73894872
-0.93867871
-1.020011
-0.83460079
-1.1286428
-0.67381337
-0.41679595
-0.75144641
-0.60457774
-0.83939292
-0.69592084
-1.0293467
-0.88111521
-0.69110726
-0.69110726
-0.54895639
-0.78032155
-0.69186964
-1.2428506
-0.6371625
-0.83970435
-0.77904852
-0.63262558
-0.98527391
-0.47236948
-1.0809781
-0.56743752
-0.57636094
-0.56675027
-0.1696444
-0.41985712
-0.37805069
-0.67846115
-0.72222948
-0.85531124
-0.93926791
-0.93926791
-0.63614815
-0.97626285
-0.96206508
-0.6969031
-0.93994109
-0.85593342
-0.65442694
-0.47930372
-0.5818923
-0.64197888
-0.8499334
-0.69186964
-0.91310378
-0.68740503
-0.23248642
-0.89374539
-0.60762303
-0.72541061
-0.6748395
-0.75878892
-0.67771992
-1.1321604
-0.80114299
-0.58787349
-0.66278026
-0.88080956
-0.88080956
-1.0120816
-0.76269606
-0.85117221
-0.5903425
-0.81658624
-0.94100487
-1.0868551
-0.2901075
-1.0138629
-0.97070499
-0.86236734
-0.69920183
-0.92025442
-0.74315362
-0.92528956
-0.73466851
-0.8365411
-0.70126238
-1.1047674
-0.85879372
-0.67740707
-0.67740707
-0.64263485
-0.70920993
-0.7055271
-0.7272394
-0.89980988
-0.78535717
-0.78535717
-0.81284599
-1.050053
-0.80883617
-0.79466208
-0.77958879
-0.69612419
-0.58091337
-0.62858433
-0.58971751
-0.74907535
-0.92923165
-0.51497034
-0.76052523
-0.55505581
-0.84324634
-0.45241034
-0.54376075
-0.96042223
-0.83099358
-0.62280483
-1.2151343
-0.86867847
-0.66417763
-0.96239483
-0.4857435
-0.97597298
-0.79559405
-0.82119221
-0.55453486
-0.73435132
-0.93523905
-0.60560012
-0.59228954
-0.54390614
-0.92915562
-0.81116403
-0.71318078
-0.67432289
-0.64561128
-0.75219754
-0.93509777
-0.67109933
-0.44146116
-0.8019022
-0.42742595
-1.1019495
-0.71777498
-0.52999353
-0.9398223
-0.65940078
-0.82759613
-0.30130093
-0.81027399
-0.74249309
-0.86043097
-1.1753484
-0.83520082
-0.58269461
-1.1466749
-0.77275486
-0.88534372
-0.7176777
-0.74659137
-0.70445215
-0.49645975
-0.7294053
-0.73816307
-1.073511
-0.77808324
-0.84149435
-0.56483428
-0.37184323
-1.0553982
-0.78535717
-0.78535717
-0.69110726
-0.86726556
-1.0296396
-0.80638114
-0.93926791
-0.93926791
-0.89822903
-0.77954005
-1.1289983
-0.8476509
-0.91184583
-0.91923325
-1.0051054
-1.1399641
-1.1577568
-1.0072422
-0.65971953
-1.1846756
-0.92199012
-0.92199012
-1.0408762
-1.0322866
-0.80856922
-0.86932288
-0.75702077
-1.1513718
-0.88434862
-0.75769134
-0.78157436
-0.94420496
-0.64933602
-0.9373738
-0.77973332
-1.1006916
-1.2288749
-0.84490807
-0.99889186
-1.3813899
-0.7739764
-1.1374369
-0.9544704
-1.132665
-0.81857298
-0.41325352
-1.1711648
-1.3466547
-1.2599321
-0.81415142
-0.93094776
-2.4281056
-0.73569653
-0.89838507
-0.89838507
-0.74442759
-0.74442759
-1.1796363
-1.0464467
-0.89334873
-1.0251722
-1.0464467
-0.49793544
-0.49793544
-0.87506315
-0.62449932
-0.74679781
-0.80533074
-0.89263318
-0.77047002
-0.74574356
-0.88197854
-0.8280234
-0.75490059
-0.75490059
-0.98817785
-0.67142087
-0.67142087
-1.1782465
-0.62119019
-0.89263318
-0.83247316
-0.72170421
-1.0123947
-0.99188172
-0.83739162
-0.98237607
-0.88660507
-1.2137134
-0.58993048
-0.88660507
-0.80997822
-1.0049899
-1.0270658
-1.0094028
-1.0472657
-1.0059005
-1.0122911
-0.93478479
-0.89218767
-0.91441555
-0.9635209
-0.9635209
-0.9635209
-0.6590395
-0.67476486
-0.49104184
-1.0380062
-0.94056609
-1.0251722
-0.72396344
-0.57266844
-0.98168997
-0.98168997
-0.55913548
-0.98672103
-1.0242976
-1.1339699
-0.36009044
-0.8169702
-1.162517
-1.008947
-1.0457421
-1.0289595
-1.0110328
-1.0242683
-0.95030902
-0.94990373
-0.95691331
-0.98608128
-0.96853683
-0.96920589
-0.95650622
-0.97515281
-0.54094081
-1.1222715
-0.8252803
-0.84884496
-0.31468921
-0.61653564
-0.67529566
-1.1449741
-0.90595827
-1.3334632
-0.5285745
-0.83247316
-1.0284351
-1.0284351
-0.90745003
-0.95144143
-0.65097162
-0.65097162
-0.76192192
-0.83104701
-0.7447131
-0.7447131
-1.0243799
-1.0653024
-0.81916183
-0.96689755
-0.65080063
-1.0516547
-0.47550916
-0.53340456
-1.0632778
-0.96116469
-0.65097162
-1.0284351
-0.65097162
-0.53340456
-0.95144143
0.087676457
-0.0020264468
0.62765527
-0.50531982
0.73550681
0.41506009
0.11086702
-0.49786471
-0.98482421
-0.49786471
-0.49786471
-0.61279576
-0.9450059
-0.94017637
-0.99148862
-0.94995201
-0.94349936
-0.50433538
-0.9380357
-0.9475266
-0.9174589
-0.16037833
-0.46354384
-0.94596266
-0.93542277
-0.52276029
-0.61268922
-0.81783664
-0.35050009
-0.7813935
-0.63491368
-0.70221971
-0.82728108
-0.95923439
-0.30876036
-0.26597251
-0.71261761
-0.58377428
-0.81859539
-0.5414139
-0.3393156
-0.52551814
-0.60503176
-0.00090658951
-0.67375443
-0.49714055
-0.40771238
-0.36494128
-0.36494128
-0.68350535
-0.68350535
-0.22979206
-0.22979206
-1.0042646
-0.72661648
-0.92420778
-0.18377458
-1.0042646
-0.75315073
-0.75449173
-0.93311673
-0.96083569
-1.0033477
-0.88400467
-0.90661676
-0.93599105
-0.87460632
-0.75835386
-0.39530834
-0.87759995
-0.73170349
0.022483488
-0.9889736
-0.67560273
-0.11663864
-0.96538746
-0.91206232
-0.75018124
-0.90118038
-0.87004631
-0.63694643
-0.46687114
-0.2883679
-0.4906329
-0.90795076
0.049202461
-0.95427402
-0.82274134
-0.91324637
-0.7899633
-0.53818292
-0.73918809
-0.47867335
-0.69105414
-0.99286844
-0.65914974
-0.97065113
-0.67978859
-0.63114115
-0.91786066
-1.014702
-0.24045766
-0.63128367
-0.63128367
-0.65017762
-0.9513458
-0.61921703
-0.54540638
-1.0158081
-0.33256089
-0.58379133
-0.59461142
-0.18377458
-0.69675059
-0.52276029
-0.29405995
-0.49583079
-0.305783
-0.94661317
-0.88557728
-0.93839693
-0.9928261
-0.84852291
-0.94862971
-0.9238251
-0.86540908
-0.39664754
0.19605614
0.19605614
-0.85327579
-0.81491754
-0.89799051
-0.80470943
-0.97913592
-0.93410534
-0.99235313
-0.99908612
-0.94237952
-1.0199706
-0.94158478
-0.48237245
-0.91502284
-0.21966539
0.022483488
-0.59379951
-1.0251569
-0.94432519
-0.98862402
-0.65732577
-0.5134733
-0.61545115
0.36741029
0.19605614
0.19605614
-0.72058964
-0.37424455
-0.76690046
-0.50283575
-0.41397611
-0.51170188
-0.52230321
-0.87575679
-0.94776088
-0.94427822
-0.9125126
-0.94165797
-0.47168304
-0.9298535
-1.0326607
-0.97756278
-0.60257047
-0.80866195
-0.93506316
0.45607246
-0.81016645
-0.94043183
-0.90128071
-0.30818072
-0.34520481
-0.53868749
-0.87075986
-0.74903696
-0.97545496
-0.96043331
-0.98179516
-0.97906547
-0.91434746
-0.97716299
0.24512232
-1.0738164
-1.0386702
-0.96504735
-0.99728038
-0.63481868
-1.0335844
-0.95848793
-0.94926917
-0.92379865
-1.0121096
-0.60650221
-0.44037107
-0.32078033
-1.0246461
-0.56298958
-1.0571499
-1.0561663
-0.87847452
-0.80407119
-1.0215448
-1.0066537
-0.5757944
-0.97225191
0.071764459
-0.54029441
-0.39941961
-1.0298316
-1.015564
-1.0240859
-1.0615841
-0.86474499
-1.0138156
-0.4853739
-1.0190832
-0.69380521
-0.77623074
-0.73719877
-0.011581992
-0.73719877
-0.73719877
-0.73719877
-0.73719877
-0.73719877
-0.73719877
-0.6842943
-0.53758529
-0.95193563
-1.060295
-1.0431028
-0.18377458
-1.0279951
-1.159102
-1.0942073
-1.0329467
-0.3584543
-1.0474276
-1.1731809
-1.0212546
-1.0827671
-0.7069917
-0.65449033
-0.87011166
-1.0032367
-1.05685
-0.31676446
-1.0287741
-0.75992386
-0.56653304
-0.63395271
-0.83729647
-1.0233376
-0.96502709
-0.90050425
-0.95506413
-0.78705288
-0.78538037
-1.0590289
-1.0401747
-0.37916862
-0.93506316
-1.0638304
-0.63757726
-0.95958703
-1.0677238
-0.79775186
-0.42572767
-0.30645188
-1.0751783
-1.1140466
-0.94535584
-1.0058556
-0.34285203
-1.1086482
-1.0233617
-0.46819988
-1.0363864
-1.0447327
-1.0474562
-1.0161662
-1.0058556
-1.0636822
-0.95200276
-1.1460945
-0.47532788
-0.79848986
-0.97359001
-1.0259529
-1.0092548
-0.53933488
-0.099722074
-0.61240057
-0.85517744
-0.69914366
-0.6688688
-0.48217719
-0.17119182
-0.88414847
-0.61067915
-0.90452516
-0.95123869
-0.96491003
-0.93778485
-0.85407955
-0.78305598
-0.98900654
-0.73825692
-1.06184
-0.82234381
-0.54498811
-0.94844329
-0.59984816
-0.56103251
-0.49339268
-0.9523688
-0.84357225
-0.70574685
-0.91887721
-0.80990517
-1.0151091
-1.1691535
-0.49906522
-0.85733367
-0.80479835
-1.1361969
-0.663285
-0.46294769
-0.75587459
-1.0092932
-0.92067739
-0.96963384
-0.41930648
-0.20991333
-0.51056474
-0.38925885
-1.0249013
-0.057640774
-0.17752285
-0.02927231
-0.99279195
-0.89801897
-0.61220724
-0.95991722
-0.49507204
-0.49493278
-1.0024478
-1.0398376
-1.0204087
-1.0198562
-1.055037
-0.46857268
-0.90069247
-1.0252535
-0.92209612
-1.0028874
-0.99386747
-0.87613559
-0.68038194
-0.21914389
-0.90363595
-0.91458499
-0.52985493
-0.29457989
-0.90085623
-0.26624989
-0.96283018
-0.37117973
0.062790028
-0.86931264
-0.9784542
-0.62571972
-0.14922616
-0.95884824
-0.065780853
-0.22099387
0.2713569
-0.39816678
-0.76505297
-0.9605261
-0.9611226
-0.065744343
-0.29487258
-0.39908347
-1.0176405
-1.0175676
-0.22031155
-0.81482557
-0.90370051
-1.0225329
0.27805178
-0.61519514
-0.74589567
-0.66780827
-0.6580393
-0.58411557
-0.95088125
-0.62345128
-0.37549857
-0.17764785
-0.85549196
-0.64035262
-0.73832295
-1.0189348
-0.94824951
-0.92141292
-0.92584978
-0.93583967
-0.20253945
-1.3627019
-1.0665936
-1.5099104
-0.96583924
-1.1499469
-1.5312933
-1.4990768
-1.7309539
-1.7486089
-1.5988654
-1.4151553
-1.1216665
-1.0272202
-1.0618001
-1.1850944
-0.74417342
-0.74417342
-1.575299
-0.93854256
-1.422893
-1.5859813
-0.9004527
-1.1146267
-1.1442612
-1.422893
-1.1442612
-0.88672531
-1.3234108
-1.3730274
-0.81490844
-1.4165061
-1.1832855
-1.6916583
-1.1552737
-1.9697914
-1.1756337
-1.0552358
-0.78449086
-1.3659721
-1.1672423
-0.75941739
-1.6402799
-0.81338513
-1.8111838
-1.1070677
-1.2457127
-0.61909875
-1.3487996
-1.2739148
-1.1496374
-1.1210386
-1.0833356
-0.98076213
-1.2206106
-0.91386825
-1.2136486
-1.9498709
-1.4111371
-1.7630203
-0.80060885
-1.7499524
-1.813632
-1.3816846
-1.813632
-0.90087206
-0.93899589
-1.347271
-1.769394
-1.6783907
-1.2134289
-1.1044705
-1.4667486
-0.90087206
-0.61909875
-0.81490844
-1.8111838
-1.0552358
-0.81338513
-1.769394
-0.9004527
-1.813632
-1.7499524
-1.2136486
-1.1146267
-1.1146267
-1.0618001
-1.0618001
-1.1146267
-1.1146267
-1.813632
-1.0618001
-1.2134289
-0.93899589
-1.0618001
-1.1146267
-1.347271
-1.1146267
-0.92637705
0.66852945
-0.77717029
-0.83304072
-0.77889636
0.43625774
-1.0207483
-0.81943708
-1.0022909
-0.086982217
-0.78625307
-0.19221647
0.38308185
0.6805174
0.72665295
0.27454342
0.3559135
-0.11738033
0.031166896
-0.91838644
0.059830063
-0.91986555
-0.97405738
-1.0087814
0.20778337
0.49155901
0.72665295
0.72665295
0.66852945
0.66852945
0.66852945
0.66852945
-0.8581731
-1.4422109
-0.42521763
-1.3456236
-1.0244222
-1.1286872
-1.1205109
-0.38760443
-0.38760443
-1.1686242
-0.8581731
-0.38760443
-0.42521763
-1.1090623
-0.8581731
-0.42521763
-0.38760443
-0.8581731
-1.1205109
0.8578181
1.2207377
1.6764497
2.7735076
2.7735076
2.7735076
2.4954531
1.435583
1.1094939
1.6809297
1.4830429
1.2207377
2.1046009
0.66603486
2.1456854
0.95762456
1.9013109
0.5712175
2.1185711
1.7490431
1.2673151
1.5642159
-0.20530174
1.2722579
1.9665985
1.8744281
2.3738518
1.2207377
0.8578181
2.7735076
1.2207377
2.7735076
1.5642159
0.66603486
1.2207377
2.7735076
1.4464169
2.4143028
1.3982174
1.5808612
1.6747041
1.9320808
1.9320808
1.9320808
2.5525123
1.4778835
1.4778835
1.4778835
1.4778835
2.3200992
1.4778835
1.4778835
2.2514537
1.8942479
2.5753999
1.9289478
2.5231284
2.5231284
2.185908
1.8584092
1.1094467
1.7336076
1.7267904
2.5231284
1.3715976
1.1460736
1.1460736
1.1460736
1.2160888
1.4284966
0.9873516
3.0249166
0.47593227
1.0645307
0.75946008
0.61499276
2.5828614
1.1446444
0.19426243
0.19426243
3.0672302
2.548446
1.2431028
0.63569217
0.51271297
2.635893
1.4675459
1.3339363
2.4218394
2.4218394
2.0369487
2.0369487
1.093659
1.9395412
1.9395412
1.9395412
1.9395412
1.9395412
1.9395412
1.2610168
0.66106919
0.66106919
1.222742
1.0226495
1.736447
1.736447
1.736447
1.0546425
1.0546425
1.6471597
2.4218394
1.0226495
1.204219
1.6471597
1.2431028
0.9063971
1.1446444
1.4925167
2.0369487
1.2431028
2.4218394
2.3793085
1.2210711
1.2210711
1.1446444
3.3144441
3.0672302
1.2792737
1.9366048
1.7759933
2.2692756
1.0546425
2.6803217
2.1348974
1.9028488
2.7805165
2.7805165
2.4403868
2.5821046
2.5821046
2.6803217
2.4109393
1.9074715
2.2805816
1.3989226
1.3989226
1.3989226
1.3989226
1.3989226
1.2337864
1.2337864
1.2337864
1.6549873
1.8121434
1.0185367
1.5083337
1.7256215
1.9028488
1.9074715
1.9395412
1.7256215
1.736447
2.6803217
1.7256215
1.5083337
1.7256215
2.5821046
1.9395412
1.736447
1.2337864
1.6471597
3.3144441
1.4428238
2.1363879
2.6869563
1.737773
2.6788937
1.8114807
2.4492903
1.6154573
2.9797554
2.1961086
2.1436281
0.85162016
1.3705856
2.7667563
2.6242073
2.0066843
1.3876807
0.7132863
2.9504496
2.9504496
0.77836407
1.4428982
2.6796057
1.1240353
0.91029072
1.8896707
3.1294788
3.1294788
2.1875387
0.77836407
0.91029072
2.4417601
0.93000944
2.1937253
1.7160807
-0.54571517
0.69309757
0.35303996
0.83816446
1.4934133
0.91029072
2.7261431
2.032259
1.4509277
2.6242073
1.1022685
1.8437203
1.6154573
2.7239906
-0.28270847
2.7454221
0.69309757
1.4934133
1.0144095
2.2223302
1.7990649
0.40896745
0.94661247
2.8358602
1.4934133
1.3057199
1.8692931
2.3410997
0.16449988
1.547941
2.5589674
-0.28270847
-0.28270847
-0.28270847
1.6154573
-0.28270847
0.64583415
1.6526932
1.6154573
1.3981866
0.77836407
2.6242073
0.80971723
1.86752
2.5806022
2.2707262
2.2707262
1.4934133
1.056865
1.056865
0.80971723
1.931028
1.8437203
1.3868606
2.7261431
2.7261431
2.7667563
1.6526932
2.6788937
2.7239906
2.6869563
0.35303996
2.6242073
3.1294788
2.4492903
2.4492903
1.056865
0.91029072
0.91029072
1.056865
2.7667563
2.032259
0.91029072
-0.99561421
-1.4242894
-1.3741681
-1.2292686
-1.2292686
-1.2292686
-1.774139
-1.2979136
-1.5776976
-1.0664943
-2.3228584
-2.3228584
-1.1526609
-1.9975956
-2.1223165
-0.93225978
-1.1685515
-1.7965889
-0.63555877
-1.3901144
-1.1230717
-1.0047327
-1.0177307
-1.1241155
-1.3386314
-1.1631129
-1.0492984
-1.6687091
-1.4036264
-1.8261581
-1.4043729
-1.0825944
-2.3668789
-1.5892761
-0.98034858
-1.338976
-2.2937931
-0.60725078
-1.4088834
-1.9408081
-1.4043729
-1.0492984
-0.63555877
-1.0492984
-1.338976
-1.0492984
-1.0492984
-1.0492984
-1.0492984
-1.7965889
-0.096675212
0.018905411
-0.072614734
-0.92725529
0.0039610912
0.99737663
0.36415866
-0.11382232
-1.0533089
0.13943166
0.36415866
0.13943166
0.13943166
-0.059350928
-0.072614734
-0.25924552
0.57362006
0.70615281
-0.0054615038
-0.43640784
0.14448123
-0.58200797
0.24474758
-0.11482393
0.39250658
-0.5693724
-0.5764901
0.18500655
0.69985049
-1.1062132
-1.1635994
-1.1178363
-1.1404717
-1.1184196
-1.1181727
-1.2402856
0.018905411
0.018905411
-0.88319718
-0.47676699
-0.49329589
-0.49329589
-0.0085639043
-0.74051544
-0.44800307
-0.44800307
-0.39027174
-0.44136817
-0.4585257
-0.15455766
-0.20326123
-0.20409414
-0.27506573
-0.80677706
-0.054452049
-0.082299192
-0.41908886
-0.23592675
-0.082528565
-0.33967695
-0.24680919
-0.012696137
-0.012696137
-0.75982543
-0.24354655
-0.48837969
-0.49798273
-0.30930954
-0.72633541
-0.5742346
-0.5742346
-0.45472421
-0.47088192
-0.30707345
-0.53576027
-0.69968758
-0.52767085
-0.51908204
-0.37727171
-0.49542729
-0.49542729
-0.4358906
-0.37973097
-0.4358906
-0.42671175
-0.44136817
-0.4358906
-0.42840602
-0.42840602
-0.79534992
-0.52767085
-0.1910773
-0.10209123
-0.54738923
-0.70520737
-1.1741983
-0.23817565
-0.40079519
-0.20431463
-0.48044817
-0.077871718
-0.051064651
-0.24595131
-0.7214063
-0.61092715
-0.48837969
-0.478188
-0.478188
-0.478188
-1.1484771
1.2167532
0.78176839
0.49436469
1.2004259
1.4844728
0.44327604
1.1205598
0.84141106
0.81140463
0.70319443
1.2836718
1.1862729
0.69276436
1.6199379
0.66707107
1.1149356
0.93167111
1.4400929
0.0048397949
0.59870708
1.3068163
0.54128623
0.54128623
0.54128623
1.0190336
1.557779
1.480125
0.8075105
1.022012
0.29236027
0.83141517
1.7554248
0.28565425
0.74163152
1.0594729
1.1232429
0.87254224
1.4754598
0.92925764
1.1273856
0.99264388
0.035070317
0.54128623
-1.065878
-1.3410304
-1.6557723
-0.93113439
-0.56654766
-1.175472
-0.8265174
-1.1519659
-0.84939933
-1.3594505
-0.91169435
-0.91593112
-0.84461788
-0.82500285
-0.69201772
-1.4648888
-1.140816
-0.90926501
-0.91037328
-1.4950898
-0.90872055
-0.82742911
-0.88514853
-0.8780022
-0.9275741
-0.81980407
-1.3099503
-1.7997386
-0.89008514
-1.3054593
-0.81333061
-1.8063306
-1.0855266
-1.5178394
-1.0480491
-1.4709528
-0.91130702
-0.85482403
-0.92393886
-0.92207583
-0.9350457
-1.7683011
-1.7759336
-1.2615121
-1.751214
-1.3578472
-1.0164733
-0.84940292
-1.1860563
-1.1098997
-0.82193198
-0.92889782
-0.843534
-1.4389079
-1.1216647
-0.79747112
-0.63116797
-0.91771116
-0.93860243
-0.78505082
-0.91934364
-2.1247144
-0.86742115
-0.81827528
-0.90314522
-1.4655637
-1.358699
-0.79633601
-1.1216449
-1.7816978
-1.1943073
-0.93518373
-0.73212378
-1.2011307
-0.98646342
-1.0298811
-1.3450151
-1.2524287
-0.8200182
-0.95348627
-0.9737635
-0.91780287
-0.86884537
-1.0699981
-0.88764864
-1.3190819
-0.90331275
-1.4145523
-1.8051524
-1.4755205
-1.0767335
-1.012301
-1.2217631
-0.91989165
-0.81957586
-1.5966868
-1.4841348
-1.335349
-0.51727469
-1.4875715
-1.4538582
-0.60403207
-2.0026744
-0.9572387
-1.1306746
-0.95618009
-1.243202
-1.5098089
-1.0094203
-1.2230691
-2.3934618
-1.5163754
-1.7273302
-1.6086825
-1.5654009
-0.93268464
-0.86593246
-1.051977
-2.2060447
-0.92839448
-0.97516523
-0.97881449
-0.80496072
-1.2071827
-1.4706096
-1.1382972
-1.4168793
-1.4529945
-1.8678574
-0.62053965
-0.90354815
-0.88293823
-0.98132942
-0.96813661
-0.93903438
-0.89480622
-1.6731026
-1.9741795
-1.1060282
-1.3636323
-1.5169054
-0.45584314
-1.3374476
-0.93881395
-1.7346775
-0.95029642
-0.99781054
-0.93180821
-1.0486951
-0.93526675
-0.78947588
-0.96390795
-0.91383911
-0.96521729
-0.99040804
-0.97029197
-0.98015299
-0.94997861
-0.7125795
-0.91327375
-1.0130631
-1.0068341
-0.38158449
-0.91793019
-1.0730537
-1.5240861
-1.4141198
-0.97115473
-0.92933686
-0.82630398
-0.92094636
-0.92120786
-2.105699
-0.96709396
-0.90895248
-0.99162478
-1.0108653
-0.98721218
-1.3662717
-0.95023661
-1.3298655
-0.93260343
-1.3119886
-1.6860747
-0.78231138
-0.53845038
-1.4966988
-1.2917623
-1.0893419
-1.4191402
-1.1057389
-1.8822843
-0.74682322
-1.1860548
-1.7520126
-1.856615
-1.751384
-1.3719352
-1.8619277
-1.1350775
-0.8601181
-0.87693101
-0.8862498
-1.0119989
-0.99159393
-0.9936797
-1.4520133
-1.7403707
-1.3268053
-1.0249077
-1.5240861
-1.2615121
-1.5169054
-0.69201772
-1.4191402
-1.3578472
-0.69201772
-1.140816
-1.3374476
-1.3578472
-1.1216647
-1.8051524
-1.4841348
-1.4841348
-1.5654009
-1.5654009
-1.012301
-1.012301
-1.3578472
-1.1216449
-0.81957586
-0.81957586
-1.5169054
-0.91793019
-0.91793019
-1.3578472
-1.012301
-1.3578472
-0.69201772
-1.5169054
-1.3578472
-0.93881395
-0.84940292
-1.4950898
-1.0730537
-0.60403207
-1.3578472
-1.3578472
-0.56654766
-1.2524287
-1.1216449
-0.93180821
-1.1216449
-1.5654009
-1.5654009
-1.4389079
0.97790734
1.2950844
1.8442931
0.92409629
1.4435708
1.8948821
1.9565811
1.8891983
1.7196742
1.3683116
2.2522622
2.0496961
1.7149727
1.1779272
2.2633799
2.657183
0.051453513
0.96565917
2.1842997
1.1428334
0.52247554
2.1482444
2.5911007
2.877914
2.3242059
1.7523708
0.92525862
0.91114782
2.3801624
0.59510487
1.6161775
2.5911007
2.4770547
1.2727852
2.3225145
1.9413841
0.44819146
2.6546128
1.5485392
2.2866131
-0.87247239
-0.92314294
-0.92314294
-1.1319136
-1.6588585
-0.99634255
-1.5464688
-0.87269683
-1.0895882
-1.7689942
-1.3829031
-0.62809548
-1.1233699
-0.87834408
-0.87834408
-1.1791929
-1.1612308
2.2690947
0.96057457
0.71660225
1.6151365
1.8347863
1.634447
1.5517283
1.3606922
1.3801935
1.7896709
1.8053974
1.3454381
1.3557956
1.770698
1.7212776
1.4436978
1.8045682
2.5593377
2.0492506
1.8741134
2.0830955
1.9759775
2.1073163
1.7909585
2.0010626
0.85153232
0.90154399
1.6987734
1.5902566
1.3882123
1.6043314
1.6642848
1.6708777
0.92221702
1.5388586
1.6556306
1.4686186
1.6692894
1.3556213
1.4693325
1.7395803
2.2769801
1.2827774
1.6473555
2.3432816
1.0630479
0.88863212
1.8402945
2.3410431
0.54345323
0.83270472
1.318559
1.9467095
1.9193096
1.3801935
2.2690947
1.8045682
1.8741134
1.9193096
1.318559
1.5388586
2.3432816
1.6692894
1.634447
1.3606922
2.3410431
1.7212776
-0.003438573
-0.030737391
-0.030737391
-0.030737391
-0.029415409
0.17283864
0.17283864
-0.049300316
-0.03837391
-0.03837391
0.32028144
0.32028144
0.42856111
0.30707951
0.30707951
0.14992084
-0.015360987
0.11799098
-0.083524221
-0.29298952
-0.29298952
-0.29298952
0.67564296
0.095881709
0.19665587
0.095881709
0.32028144
0.32028144
0.32028144
-0.03837391
-0.41871255
0.10857716
-0.29536875
-0.18822824
0.20997107
0.099993372
-0.1732391
0.13804258
-0.7569535
-0.14164765
-0.12205945
0.66029871
-0.11444303
-0.25238445
0.36805557
-0.5348534
-0.23793091
0.36439677
-0.061793433
-0.64438005
-0.41455278
-0.32323074
-0.70343357
0.3562273
-0.19700727
-0.17668191
0.66029871
0.10857716
0.10857716
0.10857716
0.10857716
-0.64438005
0.10857716
0.1612258
-0.4583423
-0.4583423
-0.28248836
0.17283864
-0.57468356
0.32116315
0.56528386
-0.41239416
-0.13357874
-0.67042555
-0.4583423
0.44091494
0.44091494
0.34752304
-0.2842739
-0.7569535
-0.41239416
0.15963708
0.51758388
0.51758388
0.15963708
-0.41871255
-0.41871255
0.052212291
-0.14596181
-0.39248312
-0.39248312
0.083670628
0.66029871
-0.48386218
0.13495962
0.36616249
-0.41871255
0.24763962
-0.1732391
0.15963708
-0.061793433
-0.41239416
0.51758388
0.51758388
0.51758388
-0.061793433
-0.64438005
0.36439677
-0.061793433
-0.061793433
-0.061793433
-0.061793433
-0.061793433
-0.061793433
-0.061793433
-0.061793433
0.10857716
0.035981033
-0.247217
0.082613737
-0.39102994
-0.063971135
-0.20772103
0.12505429
-0.20772103
-0.247217
0.046265084
0.30505281
-0.075943624
0.12058008
0.16153082
-0.53615178
-0.53615178
-0.99238883
-0.79068879
-0.98693865
-0.62888286
-1.0388929
-1.0185589
-0.2927638
-0.54591219
-0.51047346
-1.0044655
-1.0044655
-1.1361902
-0.58802443
-0.82544792
-1.0291275
-1.0813933
-0.74849817
-0.71414189
-0.61777253
-0.76212217
-0.56105094
-0.91200944
-1.0308151
-1.0308151
-1.0308151
-1.2800006
-0.93026736
-0.54059612
-1.1379994
-0.22494377
-1.0520104
-1.0520104
-1.0520104
-0.60635599
-1.3406735
-1.0004414
-1.1848737
-1.2379426
-1.2115886
-1.021024
-0.67986271
-1.3066109
-1.2449322
-0.90862133
-1.2879413
-0.65159541
-0.95983044
-0.95983044
-1.0291275
-1.0388929
-1.0388929
-0.95983044
-0.95983044
-0.90862133
-0.90862133
-0.90862133
-1.0813933
-1.0291275
-0.2927638
-0.61777253
-0.98693865
-0.54591219
-0.98693865
-0.54591219
-0.54591219
-0.54591219
-0.87148517
0.097469693
-0.48504546
-0.62757476
-1.0275935
-1.0769805
-1.0776692
-1.3571893
-1.3571893
-0.7904707
-0.404313
-0.95804873
-0.66955346
-1.0068223
-1.2071872
-1.0690134
-1.0707861
-1.0079667
-0.61227631
-0.80589667
-0.64225266
-0.66383037
-0.66994381
-0.90508574
-1.2828084
-0.92944648
-0.64225266
-1.2936084
-1.4177158
-1.5944121
-1.3888813
-1.2594377
-1.8547166
-2.0031199
-1.1835571
-1.9519918
-1.6226951
-1.6383883
-1.7907845
-1.2255995
-1.7724836
-1.3249471
-1.2720066
-1.7166422
-1.592054
-1.4063735
-2.0718987
-1.4210242
-1.677335
-1.8918973
-1.2188764
-1.3378155
-1.6725633
-1.1220646
-1.6564774
-2.0125505
-2.1563442
-1.4748887
-2.0735421
-1.9855732
-1.5805391
-1.4493025
-1.7922001
-1.6657602
-1.6568349
-2.2648985
-1.4179563
-1.2542628
-1.452291
-1.5910673
-1.503116
-2.074944
-1.6764385
-1.907368
-2.4945593
-1.5199961
-1.4460979
-1.4924722
-1.9389839
-1.8283534
-1.635139
-1.6228806
-1.4012444
-1.7921089
-1.781393
-1.5952185
-1.0144312
-1.383982
-1.8343606
-1.8692925
-1.4781537
-2.0887844
-1.7634422
-1.3450414
-1.5412213
-1.7347139
-1.3268614
-0.86716052
-1.1057524
-0.5003756
-0.7555604
-0.7555604
-1.1139227
-1.0556168
-0.73155364
2.2767092
2.297648
3.0211692
1.8097688
2.6495695
2.8521072
2.2644891
3.0770765
2.297648
2.7705011
2.8842936
2.5490223
2.7031392
1.5449924
2.3020003
2.4571103
2.7479661
2.6989429
3.7731306
1.5591566
1.4993064
1.7433707
2.7687334
3.2362878
2.8849847
2.7838317
0.9745428
2.2565792
3.2362878
3.2362878
3.0723217
1.7316871
2.7781039
2.4447287
-0.50823043
2.9676633
2.8809444
2.1289137
2.7979031
2.7979031
2.7979031
2.7979031
2.7979031
3.3680925
3.3982451
2.7979031
2.7979031
2.7979031
2.2767092
2.6989429
2.2767092
3.2362878
2.8521072
1.4993064
2.2565792
2.8809444
0.22001495
1.4753501
1.4753501
0.98021718
1.124837
2.1091438
1.6410631
1.8433282
0.62683342
1.6559571
0.80027275
1.2448537
0.42613748
1.1495024
1.6441264
0.51189643
2.3268441
0.6940224
0.6940224
0.6940224
1.4270102
1.4270102
1.4270102
1.3891878
1.3891878
0.6940224
0.6940224
1.4939788
0.80027275
0.98021718
0.98021718
-1.0975329
-1.1407757
-0.086177333
-0.098883499
-0.54346813
-1.041894
-0.99979902
-0.99691136
-0.96373244
-1.0370411
-0.41141297
-1.1802132
-0.92047633
-1.046414
-0.99441976
-0.15508392
-1.0849387
-1.0266605
-1.0325826
-0.12790532
-0.9223418
-0.93249123
-0.9526472
-1.0420986
-1.0066253
-0.88394458
-0.11817867
-0.92738534
-0.78342435
-0.98953821
-0.42780589
-0.42780589
-0.97797345
-1.0986029
-1.0924661
-1.0101106
-0.85078768
-0.98528485
-1.033201
-0.24618554
-1.0023875
-1.1142912
-1.0402456
-0.97173334
-0.55677563
-1.0150519
-0.68983212
-0.68862579
-0.25385561
-1.0717301
-1.5430787
-1.1341951
-1.1233956
-1.0753242
-0.92738534
-1.0717301
-0.92738534
-1.0717301
-0.9526472
-0.098883499
-1.1407757
-1.1802132
-0.098883499
-0.68862579
-0.48328789
-1.4241073
-0.14238925
-0.6094402
-0.6094402
-0.6094402
-0.39563643
-0.87756368
-0.36955948
-0.6719174
-0.76493174
-0.65028775
-0.65028775
-0.83990183
-0.37029739
-1.1609656
-1.305205
0.074574726
-1.4070708
-1.0238117
-0.39014537
-1.1058294
-0.23085992
-1.2150011
0.057905461
-0.51983511
-0.3482263
-0.47785289
0.32560162
0.25190812
0.052220609
-0.45598036
-0.033333123
0.033266349
-0.27425622
0.28366253
0.44280628
0.26054979
0.26054979
-0.27930319
0.068115965
-0.071225474
-0.27998099
-0.61290404
-0.19718772
-0.44821451
-0.060834115
-0.39961735
0.097801562
0.28831845
0.030902032
-0.50123644
0.047032788
-0.074632505
0.13830879
-0.10175975
0.12815281
0.28687697
-0.41160241
-0.48216338
-0.029812223
-0.088133026
-0.25435115
0.34438206
0.050206128
-0.17955869
0.10679916
-0.050313573
0.46732685
-0.11934191
-0.023215996
0.22568529
-0.11848964
-0.13463601
0.028084055
-0.079585607
0.30059825
-0.38816433
-0.31275051
0.099243801
0.053063535
0.34439479
-0.27365603
-0.049388301
-0.1870321
-0.026096637
-0.081411825
-0.00047374744
-0.44460062
0.32420748
0.40633372
0.51535383
-0.18006932
0.26334122
0.095803407
0.28366253
-0.00047374744
0.26054979
-0.17955869
0.052220609
-0.079585607
0.26054979
-0.50123644
0.052220609
0.25190812
0.28366253
-0.079585607
-0.10175975
-0.18006932
-0.023215996
0.28366253
0.25190812
0.44280628
-0.060834115
-0.079585607
-0.62917197
-0.51940238
-0.49929882
-1.0671931
-0.57000598
-0.47862961
-1.1577259
-0.85711481
-0.85711481
-0.64823166
-0.3334232
-0.76787254
-0.43416746
-0.51341263
-0.82840351
-0.82840351
-0.97812605
-0.8513397
-0.89939591
-0.90554325
-1.35337
-0.70217319
-1.0984206
-1.2025931
-0.88770483
-0.55348243
-0.38332428
-0.64713014
-0.79949314
-1.01181
-1.013616
-1.0370833
-0.68246838
-0.76814831
0.065355724
-0.53696622
-0.1474397
-0.52666556
-0.54440932
-0.34411627
-0.55305872
-0.4128637
-0.61198141
-0.62917197
-0.53696622
-1.093941
-0.28704571
-0.21882583
-0.19960674
0.30189846
0.30699912
0.42147188
0.1131853
-0.46176656
0.30189846
-0.15904559
-0.15904559
-0.374612
0.073240403
0.35995003
-0.1431134
-0.76456505
-0.19957097
0.097825098
-0.6894325
-0.3052696
-0.41893828
0.42147188
0.42147188
-0.10519764
-0.8396117
-0.61253531
-0.6367372
-0.9944193
-0.92376884
-0.7091835
-0.93114186
-0.88800004
-0.83596672
-1.3408966
-0.71141404
-0.91251983
-1.3898608
-0.86935698
-0.29223652
-0.83710521
-0.88012275
-0.8684518
-0.39409011
-0.86737424
-0.95093155
-1.0048321
-1.0607445
-0.89409146
-0.90480941
-1.0320918
-0.89411796
-0.24788042
-0.9058053
-0.97995015
-0.98883963
-0.92194529
-0.96950238
-0.58526017
-0.6279013
-0.42353749
-0.87910204
-0.36134494
-0.27325413
-0.93813095
-0.88013814
-0.90902235
-0.95301036
-0.6607489
-1.0635763
-0.86894498
-0.91567968
-0.91208539
-0.69079739
-0.88481265
-0.87922148
-0.70705468
-0.87934515
-1.3609549
-0.51604831
-0.40182405
-0.84659469
-0.88936262
-0.90816249
-0.91526224
-0.90852147
-0.929248
-0.40647097
-0.90004914
-0.89493129
-0.57175115
-1.243677
-0.79601324
-0.92364817
-0.92216601
-0.90677236
-0.88911049
-0.9652197
-0.040083738
-1.2481899
-0.88755661
-0.9290521
0.35628321
0.49751717
0.68842752
1.6854132
0.57911549
0.35628321
0.68842752
0.68842752
0.68842752
0.35628321
0.35628321
0.49751717
0.14767262
0.60494148
-1.1665399
-0.86147275
-0.63039438
-0.76909802
-1.4558193
-0.5961436
-0.57744363
-0.60833598
-0.75045622
-0.19327997
-0.67021908
-1.0890081
-0.43963452
-0.96490183
-0.67400076
-0.77564465
-1.143728
-0.64785619
-0.63707366
-0.66401342
-0.72166378
-0.69444061
-0.98865188
-0.14713885
-1.0525597
-0.83928997
-0.56040091
-1.0159138
-0.46616705
2.3316253
2.5662059
3.6837457
2.2311782
2.2311782
1.8698085
1.8698085
1.3884229
2.9800958
2.803914
1.3037013
1.8253596
3.6811232
2.8037701
4.0612726
1.855095
3.3851738
3.3851738
2.5584795
2.5584795
2.5584795
2.5584795
3.1523285
2.0346179
2.0346179
2.0346179
3.4645383
3.4645383
3.4645383
2.9494599
2.9494599
2.9494599
2.586874
3.3139636
3.0978586
2.572963
1.9589586
1.3041787
1.3041787
1.3041787
2.3693253
1.5625219
2.9128853
-0.80870039
2.5632834
0.77248868
2.9115031
3.0734391
2.5885679
2.4947602
2.0346179
2.0346179
2.0346179
2.0346179
3.4645383
3.4645383
2.803914
3.6811232
1.8851591
1.8341634
1.677125
1.6834703
2.0165837
1.2597555
1.6868016
1.3441047
2.241862
1.0167362
2.6533412
1.5524433
1.1982409
1.8781206
-0.68997093
0.85416102
2.6538459
2.4446545
1.3526758
1.9748304
2.1514713
2.1514713
2.6270437
2.3456609
2.8331401
-0.40130664
2.8331401
2.2197778
2.186131
2.4361102
-0.40320545
1.5385881
-0.34761875
1.093039
1.7926506
1.1534221
2.5912688
-0.68113759
0.50010512
2.7059218
1.9483608
1.4140013
0.76270306
3.5636063
2.8331401
1.8822606
2.3993646
2.1262604
1.0692069
3.1307349
3.1307349
2.4280368
2.1542776
2.8295298
2.2996147
1.1501414
2.4538301
3.0803946
0.38797256
1.5404315
3.9878637
2.1988968
3.4011695
3.0061612
0.38797256
3.4803942
2.7785848
2.7785848
-0.31214592
0.012532871
-0.066699216
-0.90668319
-0.56749487
-1.2113205
-0.55977733
-1.2239421
-1.1900533
-0.95275187
-0.64703695
-0.75626251
-0.77081003
-0.20729604
-0.69681428
-0.96347139
-0.81606088
-0.69982752
-0.75813193
-0.81390416
-1.3916838
-0.87616427
-0.54639567
-1.3537862
-0.7073007
-0.93234486
-1.3551626
-0.65004742
-1.3852441
-0.56778016
-0.58314079
-1.3851838
-0.5176072
-1.1514498
-0.64443191
-1.0801216
-0.75654358
-1.0057146
-0.58353795
-0.75654358
-0.65004742
-0.75654358
-0.65004742
-0.58314079
1.862229
1.7505834
0.72122767
1.1113383
1.5549121
0.49604454
0.43037719
0.82210047
2.2076783
2.2076783
1.1113383
1.1113383
1.1113383
2.2076783
0.43037719
0.43037719
1.5549121
0.43037719
0.43037719
0.43037719
0.43037719
0.43037719
1.6378715
1.7094984
1.5982482
2.1902543
0.95361849
0.65993848
1.963953
1.2811284
1.2616818
0.95361849
1.2811284
1.2811284
-1.0336292
-0.67806902
-0.11461261
-0.11461261
-0.11461261
-0.11461261
-0.12895146
-0.8165986
-0.67806902
-0.67806902
-0.67806902
-1.0052587
-0.8165986
-0.75512128
-1.2643782
-0.67806902
-0.67806902
-0.67806902
-0.78611409
-1.4173025
-0.39299904
-0.47224794
-0.8165986
-1.121154
-1.121154
-1.121154
-1.121154
-1.0551201
-1.0551201
-0.8165986
-1.2643782
-0.8165986
-1.2643782
-1.4173025
-0.77861275
-0.42056962
-0.37794293
-0.090440786
-0.97352391
-0.22045247
-0.59107149
-0.22897841
-0.94348817
-0.86238941
-0.97348653
-0.22045247
-0.13103713
-1.0590315
0.077347485
-0.091534617
0.42858597
0.42249319
0.57384455
0.77628221
0.24101173
0.38540205
0.38540205
0.42249319
0.092968112
0.70804931
-0.02863861
-0.38110653
-0.76301371
-0.75023205
-0.79562824
-0.76101076
0.46479809
-0.27887783
-0.067479042
-0.37274434
-0.56243485
-0.12956969
-0.12956969
-0.2970038
-0.034830987
-0.78189652
-0.11306634
0.34164202
-0.57536389
0.049301625
-0.93701499
0.018346209
-0.29372157
-0.048142599
-0.12994229
0.23981005
-0.20972364
-0.048142599
-0.060556108
-0.20527389
-0.52481361
-0.0015480385
0.43971027
0.43971027
0.13126415
0.028979652
0.12127512
0.063405855
-0.39281746
-0.38641599
0.502427
0.034257625
-0.049373622
0.40603457
0.42147837
0.1481312
0.31149059
0.034257625
0.38592733
0.22125469
0.43971027
0.23908798
-0.22332652
0.21317407
0.63346766
-0.21486
0.56451688
0.38592733
0.028979652
0.21317407
0.063405855
0.21317407
-0.54034921
0.17882355
0.17882355
-0.051668062
-0.070922954
-0.23465962
-0.64308562
-0.27604997
-0.45126523
-0.45126523
1.5067893
1.2440138
0.93703883
0.51659012
0.51659012
1.3039951
1.5065588
1.5044987
1.1670111
1.3039951
1.5044987
0.63587331
0.6127943
1.7110869
2.108575
0.2718974
1.3077581
0.20707489
1.0315081
0.92411446
0.15595259
0.9917438
0.7334663
0.7334663
0.83920177
0.83920177
1.5488094
0.75439818
0.19006406
1.5013063
0.84715237
-0.16657583
1.5044987
0.82689137
1.3299573
-0.16657583
0.73959975
0.73959975
1.1789873
2.7038859
1.6185838
1.6185838
1.3309372
1.7536429
0.07838971
1.6658884
1.4372856
2.1553496
1.5440196
-0.60529142
1.4682927
0.16995708
2.7895143
1.4199513
-0.28707971
1.0452341
0.69400388
2.2994087
2.1608473
0.21620267
1.3850595
0.79714475
0.79714475
0.79714475
1.6252954
1.5545892
0.78718519
1.429749
0.26387956
0.51663899
2.1979279
0.60936234
0.8667764
1.501351
1.7847926
1.5691572
1.701266
1.6113664
1.9237445
1.9237445
1.7823466
1.7416439
1.7086574
1.7021109
1.8097198
2.5201475
2.1653672
1.9400252
2.3193076
0.53788278
0.88692271
1.6859613
1.5345056
1.534713
1.1849572
1.4356423
1.5936326
0.27487744
1.9820154
1.3158081
1.6673042
1.1800748
1.4578648
2.0980875
1.3677544
0.50916677
1.9968224
0.91759839
1.9855788
1.574678
1.2392443
1.8723103
1.6922488
1.7195028
2.2247372
1.6618705
1.6618705
0.70343288
1.5525595
1.7983139
1.7983139
1.5116561
-0.26110354
2.1548736
1.2345111
0.98436215
1.4497515
1.4326716
0.97581608
1.3414296
1.2672198
0.68906176
2.054576
1.1923848
2.4334286
1.5103328
2.0283376
1.6558546
1.9937515
1.34725
0.99739307
0.66033605
1.817991
1.8600907
0.83393992
1.6010385
2.1500122
0.75465396
0.71392882
0.53764654
0.36680949
-0.16179089
0.5259632
1.4761036
0.76173565
0.61692939
0.6015249
0.53048043
0.092783109
0.59936911
0.15836289
0.43950416
0.43378177
1.1309876
0.82201192
1.2188985
-0.048371626
0.66665537
0.21581958
0.64962739
0.38741751
0.36753934
0.32415059
0.26005299
0.66066259
0.9591348
0.9591348
0.27780777
0.0067308621
0.12903616
0.12903616
0.62012766
0.17381084
0.12847604
-0.56439344
-0.53746155
-0.35626319
-0.84733489
-0.53958645
-0.56459939
-0.67716447
-0.57347605
-0.32424487
-0.97189274
-0.39947395
-0.78188127
-0.82523105
-0.69814657
-1.0609389
-0.49503583
-0.99715805
-0.73726443
-0.47403157
-0.86962879
-0.71817611
-0.82812721
-0.56459939
0.51758154
-0.59398987
0.30531963
-0.10664372
-0.092084615
1.300979
1.2335241
1.2614103
1.6049675
2.244098
2.5689989
0.34677985
2.1479355
1.0066983
2.1157885
2.2352981
1.7379728
1.7190806
1.2442853
1.3948255
1.8014425
1.7858624
1.4775676
1.4893365
1.4449035
0.97911647
1.7275518
2.1663336
2.1887312
1.5193247
2.6825247
2.6231088
2.2663962
1.97629
1.1314559
2.0879594
1.7549527
1.4048534
1.4184877
1.8490758
2.4820974
1.6429046
1.95152
0.82907525
1.8023796
1.7929188
2.2917067
2.0753757
1.280138
1.5637747
1.8647601
0.2921004
0.032901679
0.52618623
0.46362753
0.19519021
-0.043369419
0.63543701
0.1517101
-0.3242172
0.18938932
0.047600878
0.028492413
0.37914908
-0.24952085
0.48002446
0.2107476
0.45372525
-0.41475679
0.15144986
-0.22059992
0.14857534
0.20384595
0.28563477
0.11230993
0.11230993
-0.42894261
-0.31691908
0.081186617
-0.19038074
0.22183983
-0.10546467
0.036189823
0.67476924
-0.26685881
0.19601658
-0.5708095
-0.14493958
0.050045031
-0.62050154
0.036364483
0.49933387
0.095182361
-0.054792727
-0.18470709
-0.1092124
0.24873347
-0.48619753
0.47013558
0.054107377
0.17527893
0.56018288
-0.57553963
0.25193168
-0.12138457
-0.18532141
-0.44409311
0.2094234
-0.10400568
-0.69295843
-0.44901002
-0.53003769
0.45697126
0.084641809
-0.24303867
-0.17561766
-0.55306207
-0.33443946
-0.037424505
-0.010766263
-0.48587226
-0.027274661
0.52324395
0.52324395
-1.159678
-0.8769704
-0.68811562
-0.81841707
-1.2630627
